251000
251000
251000
251000
251000
251000
251000
251000
251000
251000
251000
251000
251000
251000
251000
251000
251000
251000
251000
251000
251000
251000
251000
251000
251000
251000
251000
251000
251000
251000
251000
251000
251000
302000
302000
302000
302000
251000
302000
251000
351000
302000
302000
302000
251000
251000
251000
302000
302000
302000
251000
302000
302000
251000
251000
302000
302000
302000
302000
302000
251000
251000
302000
251000
251000
251000
302000
251000
251000
251000
251000
251000
251000
302000
302000
251000
251000
251000
302000
302000
251000
251000
251000
302000
302000
251000
251000
251000
302000
302000
251000
251000
302000
302000
251000
251000
251000
251000
251000
251000
251000
251000
251000
251000
251000
251000
251000
251000
251000
251000
251000
251000
251000
251000
251000
251000
251000
251000
251000
251000
251000
251000
251000
251000
251000
251000
251000
251000
251000
251000
251000
251000
251000
251000
251000
