scene.variant                      n   build_p50   build_p95  raster_p50  raster_p95 raster_mean over_budget   gpu_ms/f     Mcyc/f  gpu_busy%    r50/mat    r95/mat    cyc/mat     caps/f
controls.g1455Cheap           511.00        1.30        7.67        6.11        7.73        6.12        0.00      1.050      0.456      5.596       1.03       0.94       0.91       0.00
controls.g1455Full            513.00        1.88        7.86        5.81        7.19        5.77        0.00      1.314      0.570      6.999       0.98       0.87       1.14       0.28
controls.material             510.00        0.99       14.10        5.90        8.25        6.00        7.00      1.150      0.499      5.892       1.00       1.00       1.00
controls.morphFake            570.00        3.53       11.08        9.08       12.50        9.21        5.00      3.357      1.457     19.887       1.54       1.52       2.92
controls.morphFlat            571.00        1.88        8.62        5.44        6.91        5.45        1.00      1.031      0.447      6.137       0.92       0.84       0.90
controls.morphLiquid          592.00        5.23       12.26        7.63       10.38        7.69        1.00      3.224      1.399     19.189       1.29       1.26       2.80
scroll.g1455Cheap             391.00        1.35        4.00        5.54        6.59        5.33        0.00      1.499      0.651      8.474       1.07       1.06       1.95       0.00
scroll.g1455Full              391.00        2.00        3.50        3.75        5.27        3.86        0.00      2.752      1.195     15.558       0.72       0.85       3.58       1.84
scroll.material               391.00        1.74        4.39        5.19        6.24        5.19        0.00      0.768      0.333      4.345       1.00       1.00       1.00
scroll.morphFake              409.00        1.92        4.10        9.57       12.01        9.41        2.00     11.095      6.677     65.638       1.85       1.92      20.03
scroll.morphFlat              409.00        1.75        3.94        7.41        8.75        7.08        1.00      8.463      3.673     49.990       1.43       1.40      11.02
scroll.morphLiquid            415.00        2.04        4.21        8.97       11.31        9.00        1.00     11.154      6.724     67.020       1.73       1.81      20.17
scroll.plain                  391.00        1.20        3.55        4.49        5.66        4.34        0.00      0.692      0.300      3.914       0.86       0.91       0.90
