scene.variant                      n   build_p50   build_p95  raster_p50  raster_p95 raster_mean over_budget   gpu_ms/f     Mcyc/f  gpu_busy%    r50/mat    r95/mat    cyc/mat     caps/f
controls.g1455Cheap           511.00        1.32        7.67        6.32        8.01        6.24        0.00      1.052      0.457      5.597       1.04       0.97       0.92       0.00
controls.g1455Full            513.00        1.89        7.88        5.90        7.45        5.84        0.00      1.317      0.572      7.004       0.97       0.90       1.15       0.28
controls.material             510.00        1.03       14.06        6.06        8.26        6.10        5.00      1.144      0.497      5.896       1.00       1.00       1.00
controls.morphFake            571.00        3.59       11.03        9.29       12.49        9.37        5.00      3.353      1.455     19.882       1.53       1.51       2.93
controls.morphFlat            570.00        1.95        8.63        5.55        7.27        5.61        0.00      1.033      0.448      6.139       0.92       0.88       0.90
controls.morphLiquid          590.50        5.18       12.13        7.81       10.79        7.83        1.00      3.218      1.397     19.215       1.29       1.31       2.81
scroll.g1455Cheap             391.00        1.35        3.94        5.71        6.75        5.43        0.00      1.499      0.651      8.470       1.08       1.06       1.94       0.00
scroll.g1455Full              391.00        2.01        3.50        3.75        5.32        3.88        0.00      2.742      1.190     15.487       0.71       0.83       3.55       1.84
scroll.material               391.00        1.83        4.40        5.30        6.37        5.26        0.00      0.772      0.335      4.365       1.00       1.00       1.00
scroll.morphFake              409.00        1.90        4.11        9.74       12.15        9.50        2.00     11.152      6.716     65.934       1.84       1.91      20.04
scroll.morphFlat              409.00        1.79        3.98        7.60        9.06        7.27        1.00      8.476      3.678     50.085       1.43       1.42      10.98
scroll.morphLiquid            415.00        2.05        4.22        9.36       11.70        9.19        1.00     11.153      6.714     67.253       1.76       1.84      20.03
scroll.plain                  391.00        1.23        3.60        4.57        5.69        4.41        0.00      0.692      0.300      3.910       0.86       0.89       0.90
