scene.variant                      n   build_p50   build_p95  raster_p50  raster_p95 raster_mean over_budget   gpu_ms/f     Mcyc/f  gpu_busy%    r50/mat    r95/mat    cyc/mat     caps/f
controls.g1455Cheap           511.00        1.32        7.66        6.53        8.12        6.44        0.00      1.055      0.458      5.616       1.05       0.98       0.92       0.00
controls.g1455Full            513.00        1.92        7.89        6.05        7.51        5.99        0.00      1.321      0.573      7.009       0.98       0.90       1.15       0.28
controls.material             510.00        1.03       14.02        6.20        8.31        6.16        5.00      1.144      0.496      5.898       1.00       1.00       1.00
controls.morphFake            572.00        3.71       10.93        9.37       12.48        9.44        5.00      3.352      1.455     19.877       1.51       1.50       2.93
controls.morphFlat            569.00        2.06        8.64        5.68        7.30        5.70        0.00      1.035      0.449      6.150       0.92       0.88       0.91
controls.morphLiquid          589.00        5.16       12.08        7.98       10.96        7.96        1.00      3.206      1.391     19.241       1.29       1.32       2.80
scroll.g1455Cheap             391.00        1.39        3.87        5.86        6.93        5.56        0.00      1.499      0.650      8.467       1.08       1.07       1.91       0.00
scroll.g1455Full              391.00        2.02        3.51        3.74        5.51        3.92        0.00      2.741      1.190     15.486       0.69       0.85       3.49       1.84
scroll.material               391.00        1.88        4.59        5.41        6.49        5.36        0.00      0.786      0.341      4.442       1.00       1.00       1.00
scroll.morphFake              409.00        1.89        4.31        9.88       12.44        9.62        2.00     11.321      6.822     66.951       1.83       1.92      20.00
scroll.morphFlat              409.00        1.84        4.05        7.92        9.44        7.54        1.00      8.482      3.681     50.161       1.46       1.45      10.79
scroll.morphLiquid            415.00        2.11        4.26       11.37       15.12       11.45        3.00     11.152      6.705     67.487       2.10       2.33      19.66
scroll.plain                  391.00        1.25        3.67        4.68        5.85        4.56        0.00      0.691      0.300      3.906       0.86       0.90       0.88
