scene.variant                      n   build_p50   build_p95  raster_p50  raster_p95 raster_mean over_budget   gpu_ms/f     Mcyc/f  gpu_busy%    r50/mat    r95/mat    cyc/mat     caps/f
scroll.fakeBest               409.00        1.75        3.71        9.60       12.32        9.47        1.00      7.042      3.056     41.659                                 
scroll.fakeOld                409.00        1.82        3.79        9.76       12.63        9.61        2.00     11.218      6.744     66.344                                 
scroll.flatBump               409.00        1.86        3.65        7.83        9.10        7.53        0.00      3.621      1.572     21.420                                 
scroll.flatNoEdge             409.00        1.41        3.49        5.45        6.49        5.25        0.00      0.885      0.384      5.234                                 
scroll.flatOld                409.00        1.79        3.71        7.68        9.00        7.32        1.00      8.477      3.679     50.141                                 
scroll.flatSeed               409.00        1.79        3.69        8.51       10.07        8.14        1.00      3.701      1.606     21.885                                 
scroll.flatSeedBump           409.00        1.85        3.72        8.61       10.24        8.31        1.00      3.099      1.345     18.325                                 
scroll.liqBest                420.00        1.85        3.87        9.85       12.33        9.62        1.00      6.686      2.902     40.548                                 
scroll.liqNoEdgeBump          420.00        2.07        3.91        8.70       10.17        8.33        0.00      4.254      1.846     25.787                                 
scroll.liqNoEdgeFrost0        420.00        1.85        3.85        7.82        9.14        7.53        0.00      2.825      1.226     17.142                                 
scroll.liqNoEdgeOld           420.00        2.10        4.38        8.60       10.34        8.09        0.00      9.135      3.965     55.378                                 
scroll.liqNoEdgeSeed          419.00        2.02        3.95        9.16       11.02        8.79        0.00      4.719      2.048     28.521                                 
scroll.liqNoEdgeSeedBump      420.00        2.04        3.83        9.03       11.14        8.74        0.00      4.099      1.779     24.814                                 
scroll.liqOld                 414.00        2.00        4.24        9.37       11.83        9.34        2.00     11.241      6.769     67.130                                 
scroll.plain                  391.00        1.27        3.69        4.62        5.67        4.51        0.00      0.690      0.299      3.899                                 
scroll.probeBlur              391.00        1.51        3.48        6.31        7.63        6.19        0.00      8.799      3.819     49.716                                 
scroll.probeBlur22            391.00        1.69        3.66        6.42        7.62        6.20        0.00      3.809      1.653     21.537                                 
scroll.probeBlurHalf          391.00        1.59        3.49        6.38        7.74        6.21        0.00      8.795      3.817     49.734                                 
scroll.probeBlurSeed          391.00        1.72        3.80        7.25        8.58        7.07        0.00      3.525      1.530     19.929                                 
scroll.probeBlurSeed22        391.00        1.58        3.81        7.23        8.60        7.03        0.00      2.854      1.239     16.137                                 
scroll.probeFilter            391.00        1.43        3.54        5.64        6.93        5.45        0.00      2.425      1.052     13.702                                 
